"https://ondeck.pdx.edu/systems-science/"
"https://ondeck.pdx.edu/systems-science/directory"
"https://ondeck.pdx.edu/systems-science/student-handbook"
"https://ondeck.pdx.edu/systems-science/seminar-series"
"https://ondeck.pdx.edu/systems-science/faculty"
"https://ondeck.pdx.edu/systems-science/dr-wayne-wakeland"
"https://ondeck.pdx.edu/systems-science/dr-martin-zwick"
"https://ondeck.pdx.edu/systems-science/approved-courses-ms-sysc"
"https://ondeck.pdx.edu/systems-science/systems-science-faculty"
"https://ondeck.pdx.edu/systems-science/contact/contact-systems-science"
"https://ondeck.pdx.edu/systems-science/events/save-date-our-end-year-celebration-tuesday-june-7th"
"https://ondeck.pdx.edu/systems-science/systems-science-program"
"https://ondeck.pdx.edu/systems-science/graduate-certificates"
"https://ondeck.pdx.edu/systems-science/programs"
"https://ondeck.pdx.edu/systems-science/research-0"
"https://ondeck.pdx.edu/systems-science/about"
"https://ondeck.pdx.edu/systems-science/undergraduate-minor-systems-science"
"https://ondeck.pdx.edu/systems-science/graduate"
"https://ondeck.pdx.edu/systems-science/systems-science-masters-program"
"https://ondeck.pdx.edu/systems-science/systems-science-phd-program"
"https://ondeck.pdx.edu/systems-science/news/re-examining-data-concussion-research"
"https://ondeck.pdx.edu/systems-science/news/alumni-spotlight-teaching-tech"
"https://ondeck.pdx.edu/systems-science/news/portland-state-researchers-chart-new-way-look-concussion"
"https://ondeck.pdx.edu/systems-science/news/shifting-away-coal-key-cutting-greenhouse-gas-emissions-psu-study-finds"
"https://ondeck.pdx.edu/systems-science/news/nsf-grant-psu-do-internal-deep-dive-identify-systemic-inequalities-among-stem-faculty"
"https://ondeck.pdx.edu/systems-science/news/reimagine-projects-address-dei-workforce-development"
